G3dErrFileVersion 2018P3.1
FlagFileMetaData Begin
   Mesh Size - Setup1, Refinement, Pass #1, Freq. 5.500000e+08 :Title    
   Listing of mesh elements with small segments. :ToolTip  
   hf3d :Author   
   1708889569 :TimeStamp
FlagFileMetaData End
BEGIN_ERR 
26 Small mesh segment detected on body : sub
 Small mesh segment detected on body : sub 
 Segment Statistics - Number of Segments : 1 --- Segment length(s) : 13.874077mm. The cutoff frequency for S-Matrix Only Solve is 2.11121449295775MHz 
2 -1  16  # nfids, fids[]
2 11  -1  # nbids, bids[]
      5 2 1 0 #ntets ntri ned npts
          -1.4549999999999999e+01   9.3000000000000007e+00   0.0000000000000000e+00 #xyz tv0
          -1.4549999999999999e+01  -2.5324715487107749e-16  -1.5748000000000009e+00 #xyz tv1
          -8.0024305555555557e+00   6.7500000000000000e+00  -1.5748000000000009e+00 #xyz tv2
          -1.7750000000000007e+01   1.3500000000000000e+01  -1.5748000000000009e+00 -1 11 #xyz tv3 fid bid
          -1.6650000000000002e+01   0.0000000000000000e+00   0.0000000000000000e+00 #xyz tv0
          -1.7750000000000007e+01   1.3500000000000000e+01  -1.5748000000000009e+00 #xyz tv1
          -1.4549999999999999e+01  -2.5324715487107749e-16  -1.5748000000000009e+00 #xyz tv2
          -1.4549999999999999e+01   9.3000000000000007e+00   0.0000000000000000e+00 -1 11 #xyz tv3 fid bid
          -2.2360517670044210e+01   8.0536762762940164e+00  -2.3622000000000005e+00 #xyz tv0
          -8.0024305555555557e+00   6.7500000000000000e+00  -1.5748000000000009e+00 #xyz tv1
          -1.4549999999999999e+01  -2.5324715487107749e-16  -1.5748000000000009e+00 #xyz tv2
          -1.7750000000000007e+01   1.3500000000000000e+01  -1.5748000000000009e+00 -1 11 #xyz tv3 fid bid
          -1.6650000000000002e+01   0.0000000000000000e+00   0.0000000000000000e+00 #xyz tv0
          -1.4549999999999999e+01  -2.5324715487107749e-16  -1.5748000000000009e+00 #xyz tv1
          -1.7750000000000007e+01   1.3500000000000000e+01  -1.5748000000000009e+00 #xyz tv2
          -1.6650000000000002e+01  -4.6236499739269941e-16  -1.5748000000000009e+00 -1 11 #xyz tv3 fid bid
          -1.6650000000000002e+01  -4.6236499739269941e-16  -1.5748000000000009e+00 #xyz tv0
          -2.2360517670044210e+01   8.0536762762940164e+00  -2.3622000000000005e+00 #xyz tv1
          -1.4549999999999999e+01  -2.5324715487107749e-16  -1.5748000000000009e+00 #xyz tv2
          -1.7750000000000007e+01   1.3500000000000000e+01  -1.5748000000000009e+00 -1 11 #xyz tv3 fid bid
          -1.7750000000000007e+01   1.3500000000000000e+01  -1.5748000000000009e+00 #xyz tv0
          -1.4549999999999999e+01  -2.5324715487107749e-16  -1.5748000000000009e+00 #xyz tv1
          -1.6650000000000002e+01  -4.6236499739269941e-16  -1.5748000000000009e+00 16 -1 #xyz tv2 fid bid
          -8.0024305555555557e+00   6.7500000000000000e+00  -1.5748000000000009e+00 #xyz tv0
          -1.4549999999999999e+01  -2.5324715487107749e-16  -1.5748000000000009e+00 #xyz tv1
          -1.7750000000000007e+01   1.3500000000000000e+01  -1.5748000000000009e+00 16 -1 #xyz tv2 fid bid
          -1.7750000000000007e+01   1.3500000000000000e+01  -1.5748000000000009e+00 #xyz ev0
          -1.4549999999999999e+01  -2.5324715487107749e-16  -1.5748000000000009e+00 -1 11 #xyz ev1 fid bid
   0   0.000000000000e+00   0.000000000000e+00   0.000000000000e+00 #flag location
END_ERR 
G3dErrFileVersion 2018P3.1
FlagFileMetaData Begin
   Mesh Size - Setup1, Refinement, Pass #1, Freq. 5.500000e+09 :Title    
   Listing of mesh elements with small segments. :ToolTip  
   hf3d :Author   
   1708889571 :TimeStamp
FlagFileMetaData End
BEGIN_ERR 
26 Small mesh segment detected on body : sub
 Small mesh segment detected on body : sub 
 Segment Statistics - Number of Segments : 1 --- Segment length(s) : 13.874077mm. The cutoff frequency for S-Matrix Only Solve is 2.11121449295775MHz 
2 -1  16  # nfids, fids[]
2 11  -1  # nbids, bids[]
      5 2 1 0 #ntets ntri ned npts
          -1.4549999999999999e+01   9.3000000000000007e+00   0.0000000000000000e+00 #xyz tv0
          -1.4549999999999999e+01  -2.5324715487107749e-16  -1.5748000000000009e+00 #xyz tv1
          -8.0024305555555557e+00   6.7500000000000000e+00  -1.5748000000000009e+00 #xyz tv2
          -1.7750000000000007e+01   1.3500000000000000e+01  -1.5748000000000009e+00 -1 11 #xyz tv3 fid bid
          -1.6650000000000002e+01   0.0000000000000000e+00   0.0000000000000000e+00 #xyz tv0
          -1.7750000000000007e+01   1.3500000000000000e+01  -1.5748000000000009e+00 #xyz tv1
          -1.4549999999999999e+01  -2.5324715487107749e-16  -1.5748000000000009e+00 #xyz tv2
          -1.4549999999999999e+01   9.3000000000000007e+00   0.0000000000000000e+00 -1 11 #xyz tv3 fid bid
          -2.2360517670044210e+01   8.0536762762940164e+00  -2.3622000000000005e+00 #xyz tv0
          -8.0024305555555557e+00   6.7500000000000000e+00  -1.5748000000000009e+00 #xyz tv1
          -1.4549999999999999e+01  -2.5324715487107749e-16  -1.5748000000000009e+00 #xyz tv2
          -1.7750000000000007e+01   1.3500000000000000e+01  -1.5748000000000009e+00 -1 11 #xyz tv3 fid bid
          -1.6650000000000002e+01   0.0000000000000000e+00   0.0000000000000000e+00 #xyz tv0
          -1.4549999999999999e+01  -2.5324715487107749e-16  -1.5748000000000009e+00 #xyz tv1
          -1.7750000000000007e+01   1.3500000000000000e+01  -1.5748000000000009e+00 #xyz tv2
          -1.6650000000000002e+01  -4.6236499739269941e-16  -1.5748000000000009e+00 -1 11 #xyz tv3 fid bid
          -1.6650000000000002e+01  -4.6236499739269941e-16  -1.5748000000000009e+00 #xyz tv0
          -2.2360517670044210e+01   8.0536762762940164e+00  -2.3622000000000005e+00 #xyz tv1
          -1.4549999999999999e+01  -2.5324715487107749e-16  -1.5748000000000009e+00 #xyz tv2
          -1.7750000000000007e+01   1.3500000000000000e+01  -1.5748000000000009e+00 -1 11 #xyz tv3 fid bid
          -1.7750000000000007e+01   1.3500000000000000e+01  -1.5748000000000009e+00 #xyz tv0
          -1.4549999999999999e+01  -2.5324715487107749e-16  -1.5748000000000009e+00 #xyz tv1
          -1.6650000000000002e+01  -4.6236499739269941e-16  -1.5748000000000009e+00 16 -1 #xyz tv2 fid bid
          -8.0024305555555557e+00   6.7500000000000000e+00  -1.5748000000000009e+00 #xyz tv0
          -1.4549999999999999e+01  -2.5324715487107749e-16  -1.5748000000000009e+00 #xyz tv1
          -1.7750000000000007e+01   1.3500000000000000e+01  -1.5748000000000009e+00 16 -1 #xyz tv2 fid bid
          -1.7750000000000007e+01   1.3500000000000000e+01  -1.5748000000000009e+00 #xyz ev0
          -1.4549999999999999e+01  -2.5324715487107749e-16  -1.5748000000000009e+00 -1 11 #xyz ev1 fid bid
   0   0.000000000000e+00   0.000000000000e+00   0.000000000000e+00 #flag location
END_ERR 
G3dErrFileVersion 2018P3.1
FlagFileMetaData Begin
   Mesh Size - Setup1, Refinement, Pass #2, Freq. 5.500000e+09 :Title    
   Listing of mesh elements with small segments. :ToolTip  
   hf3d :Author   
   1708889574 :TimeStamp
FlagFileMetaData End
BEGIN_ERR 
26 Small mesh segment detected on body : sub
 Small mesh segment detected on body : sub 
 Segment Statistics - Number of Segments : 1 --- Segment length(s) : 8.875000mm. The cutoff frequency for S-Matrix Only Solve is 2.11121449295775MHz 
3 -1  16  13  # nfids, fids[]
2 11  -1  # nbids, bids[]
      10 2 1 0 #ntets ntri ned npts
           2.6625000000000007e+01   1.3500000000000000e+01  -1.5748000000000011e+00 #xyz tv0
           1.8750000000000000e+01   9.3000000000000007e+00   0.0000000000000000e+00 #xyz tv1
           2.4551562500000006e+01  -5.5397815128048201e-17  -1.5748000000000011e+00 #xyz tv2
           1.7750000000000007e+01   1.3500000000000000e+01  -1.5748000000000011e+00 -1 11 #xyz tv3 fid bid
           2.6625000000000007e+01   1.3500000000000000e+01  -1.5748000000000011e+00 #xyz tv0
           1.8750000000000000e+01   1.1400000000000000e+01   0.0000000000000000e+00 #xyz tv1
           1.8750000000000000e+01   9.3000000000000007e+00   0.0000000000000000e+00 #xyz tv2
           1.7750000000000007e+01   1.3500000000000000e+01  -1.5748000000000011e+00 -1 11 #xyz tv3 fid bid
           2.4551562500000006e+01  -5.5397815128048201e-17  -1.5748000000000011e+00 #xyz tv0
           1.7750000000000007e+01   1.3500000000000000e+01  -1.5748000000000011e+00 #xyz tv1
           3.0036718750000009e+01   1.0256250000000005e+01  -1.9192875000000007e+00 #xyz tv2
           2.6625000000000007e+01   1.3500000000000000e+01  -1.5748000000000011e+00 -1 11 #xyz tv3 fid bid
           2.6625000000000007e+01   1.3500000000000000e+01  -1.5748000000000011e+00 #xyz tv0
           1.7750000000000007e+01   1.3500000000000000e+01   0.0000000000000000e+00 #xyz tv1
           1.8750000000000000e+01   1.1400000000000000e+01   0.0000000000000000e+00 #xyz tv2
           1.7750000000000007e+01   1.3500000000000000e+01  -1.5748000000000011e+00 -1 11 #xyz tv3 fid bid
           3.0036718750000009e+01   1.0256250000000005e+01  -1.9192875000000007e+00 #xyz tv0
           2.6625000000000007e+01   1.3500000000000000e+01  -1.5748000000000011e+00 #xyz tv1
           1.7750000000000007e+01   1.3500000000000000e+01  -1.5748000000000011e+00 #xyz tv2
           3.9050000000000026e+01   2.0600000000000023e+01  -2.3622000000000005e+00 -1 11 #xyz tv3 fid bid
           2.8900000000000006e+01   1.4950000000000006e+01   3.9370000000000027e-01 #xyz tv0
           2.6625000000000007e+01   1.3500000000000000e+01  -1.5748000000000011e+00 #xyz tv1
           1.7750000000000007e+01   1.3500000000000000e+01  -1.5748000000000011e+00 #xyz tv2
           1.7750000000000007e+01   1.3500000000000000e+01   0.0000000000000000e+00 -1 11 #xyz tv3 fid bid
           1.7750000000000007e+01   1.3500000000000000e+01  -1.5748000000000011e+00 #xyz tv0
           2.6625000000000007e+01   1.3500000000000000e+01  -1.5748000000000011e+00 #xyz tv1
           3.9050000000000026e+01   2.0600000000000023e+01  -1.3182147602720191e+00 #xyz tv2
           3.9050000000000026e+01   2.0600000000000023e+01  -2.3622000000000005e+00 -1 11 #xyz tv3 fid bid
           2.8900000000000006e+01   1.4950000000000006e+01   3.9370000000000027e-01 #xyz tv0
           3.9050000000000026e+01   2.0600000000000023e+01   7.8740000000000054e-01 #xyz tv1
           1.7750000000000007e+01   1.3500000000000000e+01  -1.5748000000000011e+00 #xyz tv2
           2.6625000000000007e+01   1.3500000000000000e+01  -1.5748000000000011e+00 -1 11 #xyz tv3 fid bid
           2.6625000000000007e+01   1.3500000000000000e+01  -1.5748000000000011e+00 #xyz tv0
           3.9050000000000026e+01   2.0600000000000023e+01  -2.7362067586183558e-01 #xyz tv1
           1.7750000000000007e+01   1.3500000000000000e+01  -1.5748000000000011e+00 #xyz tv2
           3.9050000000000026e+01   2.0600000000000023e+01  -1.3182147602720191e+00 -1 11 #xyz tv3 fid bid
           3.9050000000000026e+01   2.0600000000000023e+01   7.8740000000000054e-01 #xyz tv0
           1.7750000000000007e+01   1.3500000000000000e+01  -1.5748000000000011e+00 #xyz tv1
           2.6625000000000007e+01   1.3500000000000000e+01  -1.5748000000000011e+00 #xyz tv2
           3.9050000000000026e+01   2.0600000000000023e+01  -2.7362067586183558e-01 -1 11 #xyz tv3 fid bid
           2.6625000000000007e+01   1.3500000000000000e+01  -1.5748000000000011e+00 #xyz tv0
           2.4551562500000006e+01  -5.5397815128048201e-17  -1.5748000000000011e+00 #xyz tv1
           1.7750000000000007e+01   1.3500000000000000e+01  -1.5748000000000011e+00 16 -1 #xyz tv2 fid bid
           2.6625000000000007e+01   1.3500000000000000e+01  -1.5748000000000011e+00 #xyz tv0
           1.7750000000000007e+01   1.3500000000000000e+01  -1.5748000000000011e+00 #xyz tv1
           1.7750000000000007e+01   1.3500000000000000e+01   0.0000000000000000e+00 13 -1 #xyz tv2 fid bid
           1.7750000000000007e+01   1.3500000000000000e+01  -1.5748000000000011e+00 #xyz ev0
           2.6625000000000007e+01   1.3500000000000000e+01  -1.5748000000000011e+00 -1 11 #xyz ev1 fid bid
   0   0.000000000000e+00   0.000000000000e+00   0.000000000000e+00 #flag location
END_ERR 
G3dErrFileVersion 2018P3.1
FlagFileMetaData Begin
   Mesh Size - Setup1, Refinement, Pass #3, Freq. 5.500000e+09 :Title    
   Listing of mesh elements with small segments. :ToolTip  
   hf3d :Author   
   1708889577 :TimeStamp
FlagFileMetaData End
BEGIN_ERR 
26 Small mesh segment detected on body : sub
 Small mesh segment detected on body : sub 
 Segment Statistics - Number of Segments : 1 --- Segment length(s) : 8.875000mm. The cutoff frequency for S-Matrix Only Solve is 2.11121449295775MHz 
3 -1  16  13  # nfids, fids[]
2 11  -1  # nbids, bids[]
      11 2 1 0 #ntets ntri ned npts
           2.6625000000000007e+01   1.3500000000000000e+01  -1.5748000000000011e+00 #xyz tv0
           1.7750000000000007e+01   1.3500000000000000e+01  -1.5748000000000011e+00 #xyz tv1
           2.1124935246637541e+01   4.2011508825415502e+00  -2.2721078558641252e-17 #xyz tv2
           2.4551562500000006e+01  -5.5397815128048201e-17  -1.5748000000000011e+00 -1 11 #xyz tv3 fid bid
           2.4551562500000006e+01  -5.5397815128048201e-17  -1.5748000000000011e+00 #xyz tv0
           1.7750000000000007e+01   1.3500000000000000e+01  -1.5748000000000011e+00 #xyz tv1
           3.0036718750000009e+01   1.0256250000000005e+01  -1.9192875000000007e+00 #xyz tv2
           2.6625000000000007e+01   1.3500000000000000e+01  -1.5748000000000011e+00 -1 11 #xyz tv3 fid bid
           2.6625000000000007e+01   1.3500000000000000e+01  -1.5748000000000011e+00 #xyz tv0
           2.1124935246637541e+01   4.2011508825415502e+00  -2.2721078558641252e-17 #xyz tv1
           1.7750000000000007e+01   1.3500000000000000e+01  -1.5748000000000011e+00 #xyz tv2
           1.8750000000000000e+01   9.3000000000000007e+00   0.0000000000000000e+00 -1 11 #xyz tv3 fid bid
           2.6625000000000007e+01   1.3500000000000000e+01  -1.5748000000000011e+00 #xyz tv0
           1.8750000000000000e+01   1.1400000000000000e+01   0.0000000000000000e+00 #xyz tv1
           1.8750000000000000e+01   9.3000000000000007e+00   0.0000000000000000e+00 #xyz tv2
           1.7750000000000007e+01   1.3500000000000000e+01  -1.5748000000000011e+00 -1 11 #xyz tv3 fid bid
           3.0036718750000009e+01   1.0256250000000005e+01  -1.9192875000000007e+00 #xyz tv0
           2.6625000000000007e+01   1.3500000000000000e+01  -1.5748000000000011e+00 #xyz tv1
           1.7750000000000007e+01   1.3500000000000000e+01  -1.5748000000000011e+00 #xyz tv2
           3.9050000000000026e+01   2.0600000000000026e+01  -2.3622000000000005e+00 -1 11 #xyz tv3 fid bid
           2.6625000000000007e+01   1.3500000000000000e+01  -1.5748000000000011e+00 #xyz tv0
           1.7750000000000007e+01   1.3500000000000000e+01   0.0000000000000000e+00 #xyz tv1
           1.8750000000000000e+01   1.1400000000000000e+01   0.0000000000000000e+00 #xyz tv2
           1.7750000000000007e+01   1.3500000000000000e+01  -1.5748000000000011e+00 -1 11 #xyz tv3 fid bid
           1.7750000000000007e+01   1.3500000000000000e+01  -1.5748000000000011e+00 #xyz tv0
           2.6625000000000007e+01   1.3500000000000000e+01  -1.5748000000000011e+00 #xyz tv1
           3.9050000000000026e+01   2.0600000000000026e+01  -1.3179864435161937e+00 #xyz tv2
           3.9050000000000026e+01   2.0600000000000026e+01  -2.3622000000000005e+00 -1 11 #xyz tv3 fid bid
           2.8900000000000006e+01   1.4950000000000006e+01   3.9370000000000027e-01 #xyz tv0
           2.6625000000000007e+01   1.3500000000000000e+01  -1.5748000000000011e+00 #xyz tv1
           1.7750000000000007e+01   1.3500000000000000e+01  -1.5748000000000011e+00 #xyz tv2
           1.7750000000000007e+01   1.3500000000000000e+01   0.0000000000000000e+00 -1 11 #xyz tv3 fid bid
           2.6625000000000007e+01   1.3500000000000000e+01  -1.5748000000000011e+00 #xyz tv0
           3.9050000000000026e+01   2.0600000000000026e+01  -2.7362067586183558e-01 #xyz tv1
           1.7750000000000007e+01   1.3500000000000000e+01  -1.5748000000000011e+00 #xyz tv2
           3.9050000000000026e+01   2.0600000000000026e+01  -1.3179864435161937e+00 -1 11 #xyz tv3 fid bid
           2.8900000000000006e+01   1.4950000000000006e+01   3.9370000000000027e-01 #xyz tv0
           3.9050000000000026e+01   2.0600000000000026e+01   7.8740000000000054e-01 #xyz tv1
           1.7750000000000007e+01   1.3500000000000000e+01  -1.5748000000000011e+00 #xyz tv2
           2.6625000000000007e+01   1.3500000000000000e+01  -1.5748000000000011e+00 -1 11 #xyz tv3 fid bid
           3.9050000000000026e+01   2.0600000000000026e+01   7.8740000000000054e-01 #xyz tv0
           1.7750000000000007e+01   1.3500000000000000e+01  -1.5748000000000011e+00 #xyz tv1
           2.6625000000000007e+01   1.3500000000000000e+01  -1.5748000000000011e+00 #xyz tv2
           3.9050000000000026e+01   2.0600000000000026e+01  -2.7362067586183558e-01 -1 11 #xyz tv3 fid bid
           2.6625000000000007e+01   1.3500000000000000e+01  -1.5748000000000011e+00 #xyz tv0
           2.4551562500000006e+01  -5.5397815128048201e-17  -1.5748000000000011e+00 #xyz tv1
           1.7750000000000007e+01   1.3500000000000000e+01  -1.5748000000000011e+00 16 -1 #xyz tv2 fid bid
           2.6625000000000007e+01   1.3500000000000000e+01  -1.5748000000000011e+00 #xyz tv0
           1.7750000000000007e+01   1.3500000000000000e+01  -1.5748000000000011e+00 #xyz tv1
           1.7750000000000007e+01   1.3500000000000000e+01   0.0000000000000000e+00 13 -1 #xyz tv2 fid bid
           1.7750000000000007e+01   1.3500000000000000e+01  -1.5748000000000011e+00 #xyz ev0
           2.6625000000000007e+01   1.3500000000000000e+01  -1.5748000000000011e+00 -1 11 #xyz ev1 fid bid
   0   0.000000000000e+00   0.000000000000e+00   0.000000000000e+00 #flag location
END_ERR 
G3dErrFileVersion 2018P3.1
FlagFileMetaData Begin
   Mesh Size - Setup1, Refinement, Pass #4, Freq. 5.500000e+09 :Title    
   Listing of mesh elements with small segments. :ToolTip  
   hf3d :Author   
   1708889579 :TimeStamp
FlagFileMetaData End
BEGIN_ERR 
26 Small mesh segment detected on body : sub
 Small mesh segment detected on body : sub 
 Segment Statistics - Number of Segments : 1 --- Segment length(s) : 8.875000mm. The cutoff frequency for S-Matrix Only Solve is 2.11121449295775MHz 
3 -1  16  13  # nfids, fids[]
2 11  -1  # nbids, bids[]
      4 2 1 0 #ntets ntri ned npts
          -2.6625000000000007e+01   1.3500000000000000e+01   0.0000000000000000e+00 #xyz tv0
          -3.5500000000000014e+01   6.7500000000000000e+00  -1.5748000000000011e+00 #xyz tv1
          -2.6625000000000007e+01   1.3500000000000000e+01  -1.5748000000000011e+00 #xyz tv2
          -3.5500000000000014e+01   1.3500000000000000e+01  -1.5748000000000011e+00 -1 11 #xyz tv3 fid bid
          -2.6625000000000007e+01   1.3500000000000000e+01  -1.5748000000000011e+00 #xyz tv0
          -3.5500000000000014e+01   6.7500000000000000e+00  -1.5748000000000011e+00 #xyz tv1
          -2.9758233163334221e+01   1.1380122004070770e+01  -2.3622000000000005e+00 #xyz tv2
          -3.5500000000000014e+01   1.3500000000000000e+01  -1.5748000000000011e+00 -1 11 #xyz tv3 fid bid
          -2.6625000000000007e+01   1.3500000000000000e+01  -1.5748000000000011e+00 #xyz tv0
          -2.8343429700220277e+01   1.6678685530743028e+01  -1.6201030845214657e+00 #xyz tv1
          -2.6625000000000007e+01   1.3500000000000000e+01   0.0000000000000000e+00 #xyz tv2
          -3.5500000000000014e+01   1.3500000000000000e+01  -1.5748000000000011e+00 -1 11 #xyz tv3 fid bid
          -2.6625000000000007e+01   1.3500000000000000e+01  -1.5748000000000011e+00 #xyz tv0
          -2.9758233163334221e+01   1.1380122004070770e+01  -2.3622000000000005e+00 #xyz tv1
          -2.8343429700220277e+01   1.6678685530743028e+01  -1.6201030845214657e+00 #xyz tv2
          -3.5500000000000014e+01   1.3500000000000000e+01  -1.5748000000000011e+00 -1 11 #xyz tv3 fid bid
          -2.6625000000000007e+01   1.3500000000000000e+01  -1.5748000000000011e+00 #xyz tv0
          -3.5500000000000014e+01   6.7500000000000000e+00  -1.5748000000000011e+00 #xyz tv1
          -3.5500000000000014e+01   1.3500000000000000e+01  -1.5748000000000011e+00 16 -1 #xyz tv2 fid bid
          -2.6625000000000007e+01   1.3500000000000000e+01  -1.5748000000000011e+00 #xyz tv0
          -3.5500000000000014e+01   1.3500000000000000e+01  -1.5748000000000011e+00 #xyz tv1
          -2.6625000000000007e+01   1.3500000000000000e+01   0.0000000000000000e+00 13 -1 #xyz tv2 fid bid
          -3.5500000000000014e+01   1.3500000000000000e+01  -1.5748000000000011e+00 #xyz ev0
          -2.6625000000000007e+01   1.3500000000000000e+01  -1.5748000000000011e+00 -1 11 #xyz ev1 fid bid
   0   0.000000000000e+00   0.000000000000e+00   0.000000000000e+00 #flag location
END_ERR 
G3dErrFileVersion 2018P3.1
FlagFileMetaData Begin
   Mesh Size - Setup1, Refinement, Pass #5, Freq. 5.500000e+09 :Title    
   Listing of mesh elements with small segments. :ToolTip  
   hf3d :Author   
   1708889582 :TimeStamp
FlagFileMetaData End
BEGIN_ERR 
26 Small mesh segment detected on body : sub
 Small mesh segment detected on body : sub 
 Segment Statistics - Number of Segments : 1 --- Segment length(s) : 8.903422mm. The cutoff frequency for S-Matrix Only Solve is 2.11121449295775MHz 
2 -1  16  # nfids, fids[]
2 11  -1  # nbids, bids[]
      6 2 1 0 #ntets ntri ned npts
           1.6480882913940821e+01   6.6239081997622993e+00  -1.5748000000000011e+00 #xyz tv0
           1.7750000000000007e+01   1.3500000000000000e+01  -1.5748000000000011e+00 #xyz tv1
           1.8750000000000000e+01   9.3000000000000007e+00   0.0000000000000000e+00 #xyz tv2
           1.2250877156006640e+01   6.4978163995245977e+00  -1.5748000000000011e+00 -1 11 #xyz tv3 fid bid
           1.6480882913940821e+01   6.6239081997622993e+00  -1.5748000000000011e+00 #xyz tv0
           1.0475000000000005e+01  -1.2662357743553875e-16  -2.3622000000000005e+00 #xyz tv1
           1.7750000000000007e+01   1.3500000000000000e+01  -1.5748000000000011e+00 #xyz tv2
           1.2250877156006640e+01   6.4978163995245977e+00  -1.5748000000000011e+00 -1 11 #xyz tv3 fid bid
           1.8750000000000000e+01   9.3000000000000007e+00   0.0000000000000000e+00 #xyz tv0
           1.2221412473628080e+01   8.4368229146368847e+00  -7.8740000000000054e-01 #xyz tv1
           1.2250877156006640e+01   6.4978163995245977e+00  -1.5748000000000011e+00 #xyz tv2
           1.7750000000000007e+01   1.3500000000000000e+01  -1.5748000000000011e+00 -1 11 #xyz tv3 fid bid
           6.0048552551813774e+00   1.2613613086408826e+01  -2.3622000000000005e+00 #xyz tv0
           1.2250877156006640e+01   6.4978163995245977e+00  -1.5748000000000011e+00 #xyz tv1
           1.7750000000000007e+01   1.3500000000000000e+01  -1.5748000000000011e+00 #xyz tv2
           1.0475000000000005e+01  -1.2662357743553875e-16  -2.3622000000000005e+00 -1 11 #xyz tv3 fid bid
           1.2221412473628080e+01   8.4368229146368847e+00  -7.8740000000000054e-01 #xyz tv0
           1.2250877156006640e+01   6.4978163995245977e+00  -1.5748000000000011e+00 #xyz tv1
           1.7750000000000007e+01   1.3500000000000000e+01  -1.5748000000000011e+00 #xyz tv2
           8.8750000000000036e+00   1.3500000000000000e+01  -1.5748000000000011e+00 -1 11 #xyz tv3 fid bid
           6.0048552551813774e+00   1.2613613086408826e+01  -2.3622000000000005e+00 #xyz tv0
           1.7750000000000007e+01   1.3500000000000000e+01  -1.5748000000000011e+00 #xyz tv1
           1.2250877156006640e+01   6.4978163995245977e+00  -1.5748000000000011e+00 #xyz tv2
           8.8750000000000036e+00   1.3500000000000000e+01  -1.5748000000000011e+00 -1 11 #xyz tv3 fid bid
           1.2250877156006640e+01   6.4978163995245977e+00  -1.5748000000000011e+00 #xyz tv0
           8.8750000000000036e+00   1.3500000000000000e+01  -1.5748000000000011e+00 #xyz tv1
           1.7750000000000007e+01   1.3500000000000000e+01  -1.5748000000000011e+00 16 -1 #xyz tv2 fid bid
           1.6480882913940821e+01   6.6239081997622993e+00  -1.5748000000000011e+00 #xyz tv0
           1.2250877156006640e+01   6.4978163995245977e+00  -1.5748000000000011e+00 #xyz tv1
           1.7750000000000007e+01   1.3500000000000000e+01  -1.5748000000000011e+00 16 -1 #xyz tv2 fid bid
           1.7750000000000007e+01   1.3500000000000000e+01  -1.5748000000000011e+00 #xyz ev0
           1.2250877156006640e+01   6.4978163995245977e+00  -1.5748000000000011e+00 -1 11 #xyz ev1 fid bid
   0   0.000000000000e+00   0.000000000000e+00   0.000000000000e+00 #flag location
END_ERR 
G3dErrFileVersion 2018P3.1
FlagFileMetaData Begin
   Mesh Size - Setup1, Refinement, Pass #6, Freq. 5.500000e+09 :Title    
   Listing of mesh elements with small segments. :ToolTip  
   hf3d :Author   
   1708889585 :TimeStamp
FlagFileMetaData End
BEGIN_ERR 
26 Small mesh segment detected on body : sub
 Small mesh segment detected on body : sub 
 Segment Statistics - Number of Segments : 1 --- Segment length(s) : 5.544758mm. The cutoff frequency for S-Matrix Only Solve is 2.11121449295775MHz 
2 -1  16  # nfids, fids[]
2 11  -1  # nbids, bids[]
      5 2 1 0 #ntets ntri ned npts
          -3.5500000000000014e+01   3.8100585937500000e+00  -1.5748000000000011e+00 #xyz tv0
          -3.5500000000000014e+01   3.9794921875000000e+00   0.0000000000000000e+00 #xyz tv1
          -3.1242694637784187e+01   3.5524205244372027e+00  -1.5748000000000011e+00 #xyz tv2
          -3.5500000000000014e+01   0.0000000000000000e+00  -1.5748000000000011e+00 -1 11 #xyz tv3 fid bid
          -3.5500000000000014e+01   3.9794921875000000e+00   0.0000000000000000e+00 #xyz tv0
          -3.0792323964399188e+01  -2.4569133839980950e-01  -2.4366528706424583e-18 #xyz tv1
          -3.1242694637784187e+01   3.5524205244372027e+00  -1.5748000000000011e+00 #xyz tv2
          -3.5500000000000014e+01   0.0000000000000000e+00  -1.5748000000000011e+00 -1 11 #xyz tv3 fid bid
          -3.5500000000000014e+01   0.0000000000000000e+00  -1.5748000000000011e+00 #xyz tv0
          -3.0792323964399188e+01  -2.4569133839980950e-01  -2.4366528706424583e-18 #xyz tv1
          -3.1242694637784187e+01   3.5524205244372027e+00  -1.5748000000000011e+00 #xyz tv2
          -3.0787500000000009e+01  -1.1559124934817485e-16  -1.5748000000000011e+00 -1 11 #xyz tv3 fid bid
          -3.0787500000000009e+01  -1.1559124934817485e-16  -1.5748000000000011e+00 #xyz tv0
          -2.9585474318221696e+01   1.0549101128345230e+01  -2.3622000000000005e+00 #xyz tv1
          -3.1242694637784187e+01   3.5524205244372027e+00  -1.5748000000000011e+00 #xyz tv2
          -3.5500000000000014e+01   0.0000000000000000e+00  -1.5748000000000011e+00 -1 11 #xyz tv3 fid bid
          -3.5500000000000014e+01   3.8100585937500000e+00  -1.5748000000000011e+00 #xyz tv0
          -3.1242694637784187e+01   3.5524205244372027e+00  -1.5748000000000011e+00 #xyz tv1
          -2.9585474318221696e+01   1.0549101128345230e+01  -2.3622000000000005e+00 #xyz tv2
          -3.5500000000000014e+01   0.0000000000000000e+00  -1.5748000000000011e+00 -1 11 #xyz tv3 fid bid
          -3.0787500000000009e+01  -1.1559124934817485e-16  -1.5748000000000011e+00 #xyz tv0
          -3.5500000000000014e+01   0.0000000000000000e+00  -1.5748000000000011e+00 #xyz tv1
          -3.1242694637784187e+01   3.5524205244372027e+00  -1.5748000000000011e+00 16 -1 #xyz tv2 fid bid
          -3.5500000000000014e+01   3.8100585937500000e+00  -1.5748000000000011e+00 #xyz tv0
          -3.1242694637784187e+01   3.5524205244372027e+00  -1.5748000000000011e+00 #xyz tv1
          -3.5500000000000014e+01   0.0000000000000000e+00  -1.5748000000000011e+00 16 -1 #xyz tv2 fid bid
          -3.5500000000000014e+01   0.0000000000000000e+00  -1.5748000000000011e+00 #xyz ev0
          -3.1242694637784187e+01   3.5524205244372027e+00  -1.5748000000000011e+00 -1 11 #xyz ev1 fid bid
   0   0.000000000000e+00   0.000000000000e+00   0.000000000000e+00 #flag location
END_ERR 
G3dErrFileVersion 2018P3.1
FlagFileMetaData Begin
   Mesh Size - Setup1, Refinement, Pass #7, Freq. 5.500000e+09 :Title    
   Listing of mesh elements with small segments. :ToolTip  
   hf3d :Author   
   1708889587 :TimeStamp
FlagFileMetaData End
BEGIN_ERR 
26 Small mesh segment detected on body : sub
 Small mesh segment detected on body : sub 
 Segment Statistics - Number of Segments : 1 --- Segment length(s) : 0.105000mm. The cutoff frequency for S-Matrix Only Solve is 2.11121449295775MHz 
1 -1  # nfids, fids[]
1 11  # nbids, bids[]
      7 0 1 0 #ntets ntri ned npts
          -5.8289062499999993e+00  -5.2500000000000199e-02  -3.9370000000000038e-01 #xyz tv0
          -5.1626004150393605e+00  -6.0504833276994485e-01  -2.3926664821319559e-16 #xyz tv1
          -5.6078124999999988e+00  -1.0288165666637524e-16  -7.8740000000000054e-01 #xyz tv2
          -5.6078124999999988e+00  -1.0500000000000040e-01  -7.8740000000000077e-01 -1 11 #xyz tv3 fid bid
          -5.1626004150393605e+00  -6.0504833276994485e-01  -2.3926664821319559e-16 #xyz tv0
          -4.5687143452685115e+00  -6.3183188506181509e-01  -7.8740000000000065e-01 #xyz tv1
          -5.6078124999999988e+00  -1.0288165666637524e-16  -7.8740000000000054e-01 #xyz tv2
          -5.6078124999999988e+00  -1.0500000000000040e-01  -7.8740000000000077e-01 -1 11 #xyz tv3 fid bid
          -5.8289062499999993e+00  -5.2500000000000199e-02  -3.9370000000000038e-01 #xyz tv0
          -5.6078124999999988e+00  -1.0288165666637524e-16  -7.8740000000000054e-01 #xyz tv1
          -6.3720621089981924e+00  -6.2294308575271710e-03  -7.0530825020622911e-01 #xyz tv2
          -5.6078124999999988e+00  -1.0500000000000040e-01  -7.8740000000000077e-01 -1 11 #xyz tv3 fid bid
          -5.6078124999999988e+00  -1.0288165666637524e-16  -7.8740000000000054e-01 #xyz tv0
          -4.5687143452685115e+00  -6.3183188506181509e-01  -7.8740000000000065e-01 #xyz tv1
          -5.3088855750858759e+00  -2.0648819511188519e-16  -1.5748000000000011e+00 #xyz tv2
          -5.6078124999999988e+00  -1.0500000000000040e-01  -7.8740000000000077e-01 -1 11 #xyz tv3 fid bid
          -6.6450907134965078e+00  -2.1000000000000085e-01  -1.1276803341861430e+00 #xyz tv0
          -6.3720621089981924e+00  -6.2294308575271710e-03  -7.0530825020622911e-01 #xyz tv1
          -5.6078124999999988e+00  -1.0288165666637524e-16  -7.8740000000000054e-01 #xyz tv2
          -5.6078124999999988e+00  -1.0500000000000040e-01  -7.8740000000000077e-01 -1 11 #xyz tv3 fid bid
          -5.6078124999999988e+00  -1.0288165666637524e-16  -7.8740000000000054e-01 #xyz tv0
          -6.0499999999999998e+00  -2.1000000000000085e-01  -1.5748000000000011e+00 #xyz tv1
          -5.6078124999999988e+00  -1.0500000000000040e-01  -7.8740000000000077e-01 #xyz tv2
          -5.3088855750858759e+00  -2.0648819511188519e-16  -1.5748000000000011e+00 -1 11 #xyz tv3 fid bid
          -6.0499999999999998e+00  -2.1000000000000085e-01  -1.5748000000000011e+00 #xyz tv0
          -6.6450907134965078e+00  -2.1000000000000085e-01  -1.1276803341861430e+00 #xyz tv1
          -5.6078124999999988e+00  -1.0288165666637524e-16  -7.8740000000000054e-01 #xyz tv2
          -5.6078124999999988e+00  -1.0500000000000040e-01  -7.8740000000000077e-01 -1 11 #xyz tv3 fid bid
          -5.6078124999999988e+00  -1.0500000000000040e-01  -7.8740000000000077e-01 #xyz ev0
          -5.6078124999999988e+00  -1.0288165666637524e-16  -7.8740000000000054e-01 -1 11 #xyz ev1 fid bid
   0   0.000000000000e+00   0.000000000000e+00   0.000000000000e+00 #flag location
END_ERR 
