G3dErrFileVersion 2018P3.1
FlagFileMetaData Begin
   Mesh Size - Setup1, Refinement, Pass #1, Freq. 9.150000e+08 :Title    
   Listing of mesh elements with small segments. :ToolTip  
   hf3d :Author   
   1712338153 :TimeStamp
FlagFileMetaData End
BEGIN_ERR 
26 Small mesh segment detected on body : Box2
 Small mesh segment detected on body : Box2 
 Segment Statistics - Number of Segments : 1 --- Segment length(s) : 0.035000mm. The cutoff frequency for S-Matrix Only Solve is 624.567620833333kHz 
3 -1  18  185  # nfids, fids[]
2 187  -1  # nbids, bids[]
      5 3 1 0 #ntets ntri ned npts
           3.3697673969169915e+02   1.6854875920905437e+02  -4.1002071007747998e-01 #xyz tv0
           3.1187783617957200e+02   1.5105097199594749e+02   3.1086244689503770e-16 #xyz tv1
           3.1187783617957200e+02   1.8811371499493441e+02   3.4999999999999996e-02 #xyz tv2
           3.1187783617957200e+02   1.5105097199594749e+02   3.4999999999999996e-02 -1 187 #xyz tv3 fid bid
           3.1187783617957200e+02   1.5105097199594749e+02   3.1086244689503770e-16 #xyz tv0
           2.7410488642922502e+02   2.0161854703777357e+02   3.4999999999999996e-02 #xyz tv1
           3.1187783617957200e+02   1.8811371499493441e+02   3.4999999999999996e-02 #xyz tv2
           3.1187783617957200e+02   1.5105097199594749e+02   3.4999999999999996e-02 -1 187 #xyz tv3 fid bid
           3.1187783617957200e+02   1.5035097199594748e+02   3.4999999999999996e-02 #xyz tv0
           3.1187783617957200e+02   1.5105097199594749e+02   3.1086244689503770e-16 #xyz tv1
           3.3697673969169915e+02   1.6854875920905437e+02  -4.1002071007747998e-01 #xyz tv2
           3.1187783617957200e+02   1.5105097199594749e+02   3.4999999999999996e-02 -1 187 #xyz tv3 fid bid
           3.1187783617957200e+02   1.5105097199594749e+02   3.1086244689503770e-16 #xyz tv0
           2.7489608367737765e+02   1.6309290635721226e+02   3.4999999999999996e-02 #xyz tv1
           2.7410488642922502e+02   2.0161854703777357e+02   3.4999999999999996e-02 #xyz tv2
           3.1187783617957200e+02   1.5105097199594749e+02   3.4999999999999996e-02 -1 187 #xyz tv3 fid bid
           3.1187783617957200e+02   1.5035097199594748e+02   3.4999999999999996e-02 #xyz tv0
           2.7489608367737765e+02   1.6309290635721226e+02   3.4999999999999996e-02 #xyz tv1
           3.1187783617957200e+02   1.5105097199594749e+02   3.1086244689503770e-16 #xyz tv2
           3.1187783617957200e+02   1.5105097199594749e+02   3.4999999999999996e-02 -1 187 #xyz tv3 fid bid
           3.1187783617957200e+02   1.5105097199594749e+02   3.1086244689503770e-16 #xyz tv0
           3.1187783617957200e+02   1.8811371499493441e+02   3.4999999999999996e-02 #xyz tv1
           3.1187783617957200e+02   1.5105097199594749e+02   3.4999999999999996e-02 18 -1 #xyz tv2 fid bid
           3.1187783617957200e+02   1.5035097199594748e+02   3.4999999999999996e-02 #xyz tv0
           3.1187783617957200e+02   1.5105097199594749e+02   3.1086244689503770e-16 #xyz tv1
           3.1187783617957200e+02   1.5105097199594749e+02   3.4999999999999996e-02 18 -1 #xyz tv2 fid bid
           3.1187783617957200e+02   1.5035097199594748e+02   3.4999999999999996e-02 #xyz tv0
           3.1187783617957200e+02   1.5105097199594749e+02   3.1086244689503770e-16 #xyz tv1
           3.1187783617957200e+02   1.5105097199594749e+02   3.4999999999999996e-02 185 -1 #xyz tv2 fid bid
           3.1187783617957200e+02   1.5105097199594749e+02   3.4999999999999996e-02 #xyz ev0
           3.1187783617957200e+02   1.5105097199594749e+02   3.1086244689503770e-16 -1 187 #xyz ev1 fid bid
   0   0.000000000000e+00   0.000000000000e+00   0.000000000000e+00 #flag location
END_ERR 
G3dErrFileVersion 2018P3.1
FlagFileMetaData Begin
   Mesh Size - Setup1, Refinement, Pass #2, Freq. 9.150000e+08 :Title    
   Listing of mesh elements with small segments. :ToolTip  
   hf3d :Author   
   1712338155 :TimeStamp
FlagFileMetaData End
BEGIN_ERR 
26 Small mesh segment detected on body : Box2
 Small mesh segment detected on body : Box2 
 Segment Statistics - Number of Segments : 1 --- Segment length(s) : 0.035000mm. The cutoff frequency for S-Matrix Only Solve is 624.567620833333kHz 
3 -1  18  185  # nfids, fids[]
2 187  -1  # nbids, bids[]
      7 3 1 0 #ntets ntri ned npts
           3.1187783617957200e+02   1.5105097199594749e+02   3.1086244689503770e-16 #xyz tv0
           3.3017753173324002e+02   1.3552420697617214e+02   4.8141252910361283e+00 #xyz tv1
           3.1187783617957200e+02   1.5105097199594749e+02   3.4999999999999996e-02 #xyz tv2
           3.3697673969169915e+02   1.6854875920905437e+02  -4.1002071007747998e-01 -1 187 #xyz tv3 fid bid
           3.1187783617957200e+02   1.5105097199594749e+02   3.1086244689503770e-16 #xyz tv0
           3.1187783617957200e+02   1.5105097199594749e+02   3.4999999999999996e-02 #xyz tv1
           3.3017753173324002e+02   1.3552420697617214e+02   4.8141252910361283e+00 #xyz tv2
           3.1187783617957200e+02   1.5035097199594750e+02   3.4999999999999996e-02 -1 187 #xyz tv3 fid bid
           3.3697673969169915e+02   1.6854875920905437e+02  -4.1002071007747998e-01 #xyz tv0
           3.1187783617957200e+02   1.5105097199594749e+02   3.1086244689503770e-16 #xyz tv1
           3.1187783617957200e+02   1.8811371499493444e+02   3.4999999999999996e-02 #xyz tv2
           3.1187783617957200e+02   1.5105097199594749e+02   3.4999999999999996e-02 -1 187 #xyz tv3 fid bid
           3.1187783617957200e+02   1.5105097199594749e+02   3.1086244689503770e-16 #xyz tv0
           2.9364270623866310e+02   1.3362961827708472e+02   3.4999999999999996e-02 #xyz tv1
           3.1187783617957200e+02   1.5105097199594749e+02   3.4999999999999996e-02 #xyz tv2
           3.1187783617957200e+02   1.5035097199594750e+02   3.4999999999999996e-02 -1 187 #xyz tv3 fid bid
           2.9299136130439859e+02   1.7633475951686052e+02   3.4999999999999996e-02 #xyz tv0
           3.1187783617957200e+02   1.8811371499493444e+02   3.4999999999999996e-02 #xyz tv1
           3.1187783617957200e+02   1.5105097199594749e+02   3.1086244689503770e-16 #xyz tv2
           3.1187783617957200e+02   1.5105097199594749e+02   3.4999999999999996e-02 -1 187 #xyz tv3 fid bid
           3.1187783617957200e+02   1.5105097199594749e+02   3.1086244689503770e-16 #xyz tv0
           2.9364270623866310e+02   1.3362961827708472e+02   3.4999999999999996e-02 #xyz tv1
           2.7489608367737765e+02   1.6309290635721226e+02   3.4999999999999996e-02 #xyz tv2
           3.1187783617957200e+02   1.5105097199594749e+02   3.4999999999999996e-02 -1 187 #xyz tv3 fid bid
           2.9299136130439859e+02   1.7633475951686052e+02   3.4999999999999996e-02 #xyz tv0
           3.1187783617957200e+02   1.5105097199594749e+02   3.1086244689503770e-16 #xyz tv1
           2.7489608367737765e+02   1.6309290635721226e+02   3.4999999999999996e-02 #xyz tv2
           3.1187783617957200e+02   1.5105097199594749e+02   3.4999999999999996e-02 -1 187 #xyz tv3 fid bid
           3.1187783617957200e+02   1.5105097199594749e+02   3.1086244689503770e-16 #xyz tv0
           3.1187783617957200e+02   1.8811371499493444e+02   3.4999999999999996e-02 #xyz tv1
           3.1187783617957200e+02   1.5105097199594749e+02   3.4999999999999996e-02 18 -1 #xyz tv2 fid bid
           3.1187783617957200e+02   1.5035097199594750e+02   3.4999999999999996e-02 #xyz tv0
           3.1187783617957200e+02   1.5105097199594749e+02   3.1086244689503770e-16 #xyz tv1
           3.1187783617957200e+02   1.5105097199594749e+02   3.4999999999999996e-02 18 -1 #xyz tv2 fid bid
           3.1187783617957200e+02   1.5035097199594750e+02   3.4999999999999996e-02 #xyz tv0
           3.1187783617957200e+02   1.5105097199594749e+02   3.1086244689503770e-16 #xyz tv1
           3.1187783617957200e+02   1.5105097199594749e+02   3.4999999999999996e-02 185 -1 #xyz tv2 fid bid
           3.1187783617957200e+02   1.5105097199594749e+02   3.4999999999999996e-02 #xyz ev0
           3.1187783617957200e+02   1.5105097199594749e+02   3.1086244689503770e-16 -1 187 #xyz ev1 fid bid
   0   0.000000000000e+00   0.000000000000e+00   0.000000000000e+00 #flag location
END_ERR 
G3dErrFileVersion 2018P3.1
FlagFileMetaData Begin
   Mesh Size - Setup1, Refinement, Pass #3, Freq. 9.150000e+08 :Title    
   Listing of mesh elements with small segments. :ToolTip  
   hf3d :Author   
   1712338158 :TimeStamp
FlagFileMetaData End
BEGIN_ERR 
26 Small mesh segment detected on body : Box2
 Small mesh segment detected on body : Box2 
 Segment Statistics - Number of Segments : 1 --- Segment length(s) : 0.035000mm. The cutoff frequency for S-Matrix Only Solve is 624.567620833333kHz 
3 -1  18  185  # nfids, fids[]
2 187  -1  # nbids, bids[]
      7 3 1 0 #ntets ntri ned npts
           3.1187783617957200e+02   1.6958234349544097e+02   3.4999999999999996e-02 #xyz tv0
           3.3697673969169915e+02   1.6854875920905437e+02  -4.1002071007747998e-01 #xyz tv1
           3.1187783617957200e+02   1.5105097199594749e+02   3.1086244689503770e-16 #xyz tv2
           3.1187783617957200e+02   1.5105097199594749e+02   3.4999999999999996e-02 -1 187 #xyz tv3 fid bid
           3.1187783617957200e+02   1.5105097199594749e+02   3.1086244689503770e-16 #xyz tv0
           3.3017753173324007e+02   1.3552420697617214e+02   4.8141252910361283e+00 #xyz tv1
           3.1187783617957200e+02   1.5105097199594749e+02   3.4999999999999996e-02 #xyz tv2
           3.3697673969169915e+02   1.6854875920905437e+02  -4.1002071007747998e-01 -1 187 #xyz tv3 fid bid
           3.0248954299532920e+02   1.6359127563962804e+02   3.4999999999999996e-02 #xyz tv0
           3.1187783617957200e+02   1.6958234349544097e+02   3.4999999999999996e-02 #xyz tv1
           3.1187783617957200e+02   1.5105097199594749e+02   3.1086244689503770e-16 #xyz tv2
           3.1187783617957200e+02   1.5105097199594749e+02   3.4999999999999996e-02 -1 187 #xyz tv3 fid bid
           3.1187783617957200e+02   1.5105097199594749e+02   3.1086244689503770e-16 #xyz tv0
           3.1187783617957200e+02   1.5105097199594749e+02   3.4999999999999996e-02 #xyz tv1
           3.3017753173324007e+02   1.3552420697617214e+02   4.8141252910361283e+00 #xyz tv2
           3.1187783617957200e+02   1.5035097199594753e+02   3.4999999999999996e-02 -1 187 #xyz tv3 fid bid
           3.0248954299532920e+02   1.6359127563962804e+02   3.4999999999999996e-02 #xyz tv0
           3.1187783617957200e+02   1.5105097199594749e+02   3.1086244689503770e-16 #xyz tv1
           2.9338695992847488e+02   1.5707193917657986e+02   3.4999999999999996e-02 #xyz tv2
           3.1187783617957200e+02   1.5105097199594749e+02   3.4999999999999996e-02 -1 187 #xyz tv3 fid bid
           3.1187783617957200e+02   1.5105097199594749e+02   3.1086244689503770e-16 #xyz tv0
           3.0276027120911755e+02   1.4199029513651612e+02   3.4999999999999996e-02 #xyz tv1
           3.1187783617957200e+02   1.5105097199594749e+02   3.4999999999999996e-02 #xyz tv2
           3.1187783617957200e+02   1.5035097199594753e+02   3.4999999999999996e-02 -1 187 #xyz tv3 fid bid
           3.1187783617957200e+02   1.5105097199594749e+02   3.1086244689503770e-16 #xyz tv0
           3.1187783617957200e+02   1.5105097199594749e+02   3.4999999999999996e-02 #xyz tv1
           3.0276027120911755e+02   1.4199029513651612e+02   3.4999999999999996e-02 #xyz tv2
           2.9338695992847488e+02   1.5707193917657986e+02   3.4999999999999996e-02 -1 187 #xyz tv3 fid bid
           3.1187783617957200e+02   1.6958234349544097e+02   3.4999999999999996e-02 #xyz tv0
           3.1187783617957200e+02   1.5105097199594749e+02   3.4999999999999996e-02 #xyz tv1
           3.1187783617957200e+02   1.5105097199594749e+02   3.1086244689503770e-16 18 -1 #xyz tv2 fid bid
           3.1187783617957200e+02   1.5035097199594753e+02   3.4999999999999996e-02 #xyz tv0
           3.1187783617957200e+02   1.5105097199594749e+02   3.1086244689503770e-16 #xyz tv1
           3.1187783617957200e+02   1.5105097199594749e+02   3.4999999999999996e-02 18 -1 #xyz tv2 fid bid
           3.1187783617957200e+02   1.5035097199594753e+02   3.4999999999999996e-02 #xyz tv0
           3.1187783617957200e+02   1.5105097199594749e+02   3.1086244689503770e-16 #xyz tv1
           3.1187783617957200e+02   1.5105097199594749e+02   3.4999999999999996e-02 185 -1 #xyz tv2 fid bid
           3.1187783617957200e+02   1.5105097199594749e+02   3.4999999999999996e-02 #xyz ev0
           3.1187783617957200e+02   1.5105097199594749e+02   3.1086244689503770e-16 -1 187 #xyz ev1 fid bid
   0   0.000000000000e+00   0.000000000000e+00   0.000000000000e+00 #flag location
END_ERR 
G3dErrFileVersion 2018P3.1
FlagFileMetaData Begin
   Mesh Size - Setup1, Refinement, Pass #4, Freq. 9.150000e+08 :Title    
   Listing of mesh elements with small segments. :ToolTip  
   hf3d :Author   
   1712338160 :TimeStamp
FlagFileMetaData End
BEGIN_ERR 
26 Small mesh segment detected on body : Box2
 Small mesh segment detected on body : Box2 
 Segment Statistics - Number of Segments : 1 --- Segment length(s) : 0.035000mm. The cutoff frequency for S-Matrix Only Solve is 624.567620833333kHz 
3 -1  18  185  # nfids, fids[]
2 187  -1  # nbids, bids[]
      6 3 1 0 #ntets ntri ned npts
           3.1187783617957200e+02   1.5105097199594749e+02   3.1086244689503770e-16 #xyz tv0
           3.1187783617957200e+02   1.6031665774569424e+02   3.4999999999999996e-02 #xyz tv1
           3.2306863068985081e+02   1.5497348980402788e+02   4.0517893363203275e+00 #xyz tv2
           3.1187783617957200e+02   1.5105097199594749e+02   3.4999999999999996e-02 -1 187 #xyz tv3 fid bid
           3.2561016335293988e+02   1.3660319014472518e+02   3.8356190079635755e+00 #xyz tv0
           3.1187783617957200e+02   1.5105097199594749e+02   3.1086244689503770e-16 #xyz tv1
           3.2306863068985081e+02   1.5497348980402788e+02   4.0517893363203275e+00 #xyz tv2
           3.1187783617957200e+02   1.5105097199594749e+02   3.4999999999999996e-02 -1 187 #xyz tv3 fid bid
           3.1187783617957200e+02   1.6031665774569424e+02   3.4999999999999996e-02 #xyz tv0
           3.1187783617957200e+02   1.5105097199594749e+02   3.1086244689503770e-16 #xyz tv1
           3.0336736161009787e+02   1.6238593834286951e+02   3.4999999999999996e-02 #xyz tv2
           3.1187783617957200e+02   1.5105097199594749e+02   3.4999999999999996e-02 -1 187 #xyz tv3 fid bid
           3.1187783617957200e+02   1.5105097199594749e+02   3.1086244689503770e-16 #xyz tv0
           3.1187783617957200e+02   1.5105097199594749e+02   3.4999999999999996e-02 #xyz tv1
           3.2561016335293988e+02   1.3660319014472518e+02   3.8356190079635755e+00 #xyz tv2
           3.1187783617957200e+02   1.5035097199594756e+02   3.4999999999999996e-02 -1 187 #xyz tv3 fid bid
           3.0367190246789767e+02   1.5329749331785069e+02   3.4999999999999996e-02 #xyz tv0
           3.0336736161009787e+02   1.6238593834286951e+02   3.4999999999999996e-02 #xyz tv1
           3.1187783617957200e+02   1.5105097199594749e+02   3.1086244689503770e-16 #xyz tv2
           3.1187783617957200e+02   1.5105097199594749e+02   3.4999999999999996e-02 -1 187 #xyz tv3 fid bid
           3.1187783617957200e+02   1.5105097199594749e+02   3.1086244689503770e-16 #xyz tv0
           3.1187783617957200e+02   1.5035097199594756e+02   3.4999999999999996e-02 #xyz tv1
           3.0367190246789767e+02   1.5329749331785069e+02   3.4999999999999996e-02 #xyz tv2
           3.1187783617957200e+02   1.5105097199594749e+02   3.4999999999999996e-02 -1 187 #xyz tv3 fid bid
           3.1187783617957200e+02   1.6031665774569424e+02   3.4999999999999996e-02 #xyz tv0
           3.1187783617957200e+02   1.5105097199594749e+02   3.4999999999999996e-02 #xyz tv1
           3.1187783617957200e+02   1.5105097199594749e+02   3.1086244689503770e-16 18 -1 #xyz tv2 fid bid
           3.1187783617957200e+02   1.5035097199594756e+02   3.4999999999999996e-02 #xyz tv0
           3.1187783617957200e+02   1.5105097199594749e+02   3.1086244689503770e-16 #xyz tv1
           3.1187783617957200e+02   1.5105097199594749e+02   3.4999999999999996e-02 18 -1 #xyz tv2 fid bid
           3.1187783617957200e+02   1.5035097199594756e+02   3.4999999999999996e-02 #xyz tv0
           3.1187783617957200e+02   1.5105097199594749e+02   3.1086244689503770e-16 #xyz tv1
           3.1187783617957200e+02   1.5105097199594749e+02   3.4999999999999996e-02 185 -1 #xyz tv2 fid bid
           3.1187783617957200e+02   1.5105097199594749e+02   3.4999999999999996e-02 #xyz ev0
           3.1187783617957200e+02   1.5105097199594749e+02   3.1086244689503770e-16 -1 187 #xyz ev1 fid bid
   0   0.000000000000e+00   0.000000000000e+00   0.000000000000e+00 #flag location
END_ERR 
G3dErrFileVersion 2018P3.1
FlagFileMetaData Begin
   Mesh Size - Setup1, Refinement, Pass #5, Freq. 9.150000e+08 :Title    
   Listing of mesh elements with small segments. :ToolTip  
   hf3d :Author   
   1712338163 :TimeStamp
FlagFileMetaData End
BEGIN_ERR 
26 Small mesh segment detected on body : Box2
 Small mesh segment detected on body : Box2 
 Segment Statistics - Number of Segments : 1 --- Segment length(s) : 0.035000mm. The cutoff frequency for S-Matrix Only Solve is 624.567620833333kHz 
3 -1  18  185  # nfids, fids[]
2 187  -1  # nbids, bids[]
      6 3 1 0 #ntets ntri ned npts
           3.1187783617957200e+02   1.5105097199594749e+02   3.1086244689503770e-16 #xyz tv0
           3.1187783617957200e+02   1.6031665774569427e+02   3.4999999999999996e-02 #xyz tv1
           3.2306863068985081e+02   1.5497348980402788e+02   4.0517893363203275e+00 #xyz tv2
           3.1187783617957200e+02   1.5105097199594749e+02   3.4999999999999996e-02 -1 187 #xyz tv3 fid bid
           3.2050865658171182e+02   1.4057375835232506e+02   3.8478534413816661e+00 #xyz tv0
           3.1187783617957200e+02   1.5105097199594749e+02   3.1086244689503770e-16 #xyz tv1
           3.2306863068985081e+02   1.5497348980402788e+02   4.0517893363203275e+00 #xyz tv2
           3.1187783617957200e+02   1.5105097199594749e+02   3.4999999999999996e-02 -1 187 #xyz tv3 fid bid
           3.1187783617957200e+02   1.6031665774569427e+02   3.4999999999999996e-02 #xyz tv0
           3.1187783617957200e+02   1.5105097199594749e+02   3.1086244689503770e-16 #xyz tv1
           3.0381394820347134e+02   1.6186008865318047e+02   3.4999999999999996e-02 #xyz tv2
           3.1187783617957200e+02   1.5105097199594749e+02   3.4999999999999996e-02 -1 187 #xyz tv3 fid bid
           3.1187783617957200e+02   1.5105097199594749e+02   3.1086244689503770e-16 #xyz tv0
           3.1187783617957200e+02   1.5105097199594749e+02   3.4999999999999996e-02 #xyz tv1
           3.2050865658171182e+02   1.4057375835232506e+02   3.8478534413816661e+00 #xyz tv2
           3.1187783617957200e+02   1.5035097199594756e+02   3.4999999999999996e-02 -1 187 #xyz tv3 fid bid
           3.0367190246789767e+02   1.5329749331785069e+02   3.4999999999999996e-02 #xyz tv0
           3.0381394820347134e+02   1.6186008865318047e+02   3.4999999999999996e-02 #xyz tv1
           3.1187783617957200e+02   1.5105097199594749e+02   3.1086244689503770e-16 #xyz tv2
           3.1187783617957200e+02   1.5105097199594749e+02   3.4999999999999996e-02 -1 187 #xyz tv3 fid bid
           3.1187783617957200e+02   1.5105097199594749e+02   3.1086244689503770e-16 #xyz tv0
           3.1187783617957200e+02   1.5035097199594756e+02   3.4999999999999996e-02 #xyz tv1
           3.0367190246789767e+02   1.5329749331785069e+02   3.4999999999999996e-02 #xyz tv2
           3.1187783617957200e+02   1.5105097199594749e+02   3.4999999999999996e-02 -1 187 #xyz tv3 fid bid
           3.1187783617957200e+02   1.6031665774569427e+02   3.4999999999999996e-02 #xyz tv0
           3.1187783617957200e+02   1.5105097199594749e+02   3.4999999999999996e-02 #xyz tv1
           3.1187783617957200e+02   1.5105097199594749e+02   3.1086244689503770e-16 18 -1 #xyz tv2 fid bid
           3.1187783617957200e+02   1.5035097199594756e+02   3.4999999999999996e-02 #xyz tv0
           3.1187783617957200e+02   1.5105097199594749e+02   3.1086244689503770e-16 #xyz tv1
           3.1187783617957200e+02   1.5105097199594749e+02   3.4999999999999996e-02 18 -1 #xyz tv2 fid bid
           3.1187783617957200e+02   1.5035097199594756e+02   3.4999999999999996e-02 #xyz tv0
           3.1187783617957200e+02   1.5105097199594749e+02   3.1086244689503770e-16 #xyz tv1
           3.1187783617957200e+02   1.5105097199594749e+02   3.4999999999999996e-02 185 -1 #xyz tv2 fid bid
           3.1187783617957200e+02   1.5105097199594749e+02   3.4999999999999996e-02 #xyz ev0
           3.1187783617957200e+02   1.5105097199594749e+02   3.1086244689503770e-16 -1 187 #xyz ev1 fid bid
   0   0.000000000000e+00   0.000000000000e+00   0.000000000000e+00 #flag location
END_ERR 
G3dErrFileVersion 2018P3.1
FlagFileMetaData Begin
   Mesh Size - Setup1, Refinement, Pass #6, Freq. 9.150000e+08 :Title    
   Listing of mesh elements with small segments. :ToolTip  
   hf3d :Author   
   1712338166 :TimeStamp
FlagFileMetaData End
BEGIN_ERR 
26 Small mesh segment detected on body : Box2
 Small mesh segment detected on body : Box2 
 Segment Statistics - Number of Segments : 1 --- Segment length(s) : 0.035000mm. The cutoff frequency for S-Matrix Only Solve is 624.567620833333kHz 
3 -1  18  185  # nfids, fids[]
2 187  -1  # nbids, bids[]
      7 3 1 0 #ntets ntri ned npts
           3.1187783617957200e+02   1.5105097199594749e+02   3.1086244689503770e-16 #xyz tv0
           3.1187783617957200e+02   1.6031665774569427e+02   3.4999999999999996e-02 #xyz tv1
           3.2057145522916750e+02   1.5459031525523903e+02   4.0784021911631037e+00 #xyz tv2
           3.1187783617957200e+02   1.5105097199594749e+02   3.4999999999999996e-02 -1 187 #xyz tv3 fid bid
           3.1910017168330592e+02   1.4160556889125363e+02   3.8508380950459138e+00 #xyz tv0
           3.1187783617957200e+02   1.5105097199594749e+02   3.1086244689503770e-16 #xyz tv1
           3.2057145522916750e+02   1.5459031525523903e+02   4.0784021911631037e+00 #xyz tv2
           3.1187783617957200e+02   1.5105097199594749e+02   3.4999999999999996e-02 -1 187 #xyz tv3 fid bid
           3.1187783617957200e+02   1.6031665774569427e+02   3.4999999999999996e-02 #xyz tv0
           3.1187783617957200e+02   1.5105097199594749e+02   3.1086244689503770e-16 #xyz tv1
           3.0398336650066585e+02   1.6162664403543710e+02   3.4999999999999996e-02 #xyz tv2
           3.1187783617957200e+02   1.5105097199594749e+02   3.4999999999999996e-02 -1 187 #xyz tv3 fid bid
           3.1187783617957200e+02   1.5105097199594749e+02   3.1086244689503770e-16 #xyz tv0
           3.1187783617957200e+02   1.5105097199594749e+02   3.4999999999999996e-02 #xyz tv1
           3.1910017168330592e+02   1.4160556889125363e+02   3.8508380950459138e+00 #xyz tv2
           3.1187783617957200e+02   1.5035097199594756e+02   3.4999999999999996e-02 -1 187 #xyz tv3 fid bid
           3.0367190246789767e+02   1.5329749331785069e+02   3.4999999999999996e-02 #xyz tv0
           3.0398336650066585e+02   1.6162664403543710e+02   3.4999999999999996e-02 #xyz tv1
           3.1187783617957200e+02   1.5105097199594749e+02   3.1086244689503770e-16 #xyz tv2
           3.1187783617957200e+02   1.5105097199594749e+02   3.4999999999999996e-02 -1 187 #xyz tv3 fid bid
           3.1187783617957200e+02   1.5105097199594749e+02   3.1086244689503770e-16 #xyz tv0
           3.0753705524751609e+02   1.4683137684236539e+02   3.4999999999999996e-02 #xyz tv1
           3.1187783617957200e+02   1.5105097199594749e+02   3.4999999999999996e-02 #xyz tv2
           3.1187783617957200e+02   1.5035097199594756e+02   3.4999999999999996e-02 -1 187 #xyz tv3 fid bid
           3.1187783617957200e+02   1.5105097199594749e+02   3.1086244689503770e-16 #xyz tv0
           3.1187783617957200e+02   1.5105097199594749e+02   3.4999999999999996e-02 #xyz tv1
           3.0753705524751609e+02   1.4683137684236539e+02   3.4999999999999996e-02 #xyz tv2
           3.0367190246789767e+02   1.5329749331785069e+02   3.4999999999999996e-02 -1 187 #xyz tv3 fid bid
           3.1187783617957200e+02   1.6031665774569427e+02   3.4999999999999996e-02 #xyz tv0
           3.1187783617957200e+02   1.5105097199594749e+02   3.4999999999999996e-02 #xyz tv1
           3.1187783617957200e+02   1.5105097199594749e+02   3.1086244689503770e-16 18 -1 #xyz tv2 fid bid
           3.1187783617957200e+02   1.5035097199594756e+02   3.4999999999999996e-02 #xyz tv0
           3.1187783617957200e+02   1.5105097199594749e+02   3.1086244689503770e-16 #xyz tv1
           3.1187783617957200e+02   1.5105097199594749e+02   3.4999999999999996e-02 18 -1 #xyz tv2 fid bid
           3.1187783617957200e+02   1.5035097199594756e+02   3.4999999999999996e-02 #xyz tv0
           3.1187783617957200e+02   1.5105097199594749e+02   3.1086244689503770e-16 #xyz tv1
           3.1187783617957200e+02   1.5105097199594749e+02   3.4999999999999996e-02 185 -1 #xyz tv2 fid bid
           3.1187783617957200e+02   1.5105097199594749e+02   3.4999999999999996e-02 #xyz ev0
           3.1187783617957200e+02   1.5105097199594749e+02   3.1086244689503770e-16 -1 187 #xyz ev1 fid bid
   0   0.000000000000e+00   0.000000000000e+00   0.000000000000e+00 #flag location
END_ERR 
G3dErrFileVersion 2018P3.1
FlagFileMetaData Begin
   Mesh Size - Setup2, Refinement, Pass #1, Freq. 9.150000e+08 :Title    
   Listing of mesh elements with small segments. :ToolTip  
   hf3d :Author   
   1712338409 :TimeStamp
FlagFileMetaData End
BEGIN_ERR 
26 Small mesh segment detected on body : Box2
 Small mesh segment detected on body : Box2 
 Segment Statistics - Number of Segments : 1 --- Segment length(s) : 0.035000mm. The cutoff frequency for S-Matrix Only Solve is 624.567620833333kHz 
3 -1  18  185  # nfids, fids[]
2 187  -1  # nbids, bids[]
      5 3 1 0 #ntets ntri ned npts
           3.3697673969169915e+02   1.6854875920905437e+02  -4.1002071007747998e-01 #xyz tv0
           3.1187783617957200e+02   1.5105097199594749e+02   3.1086244689503770e-16 #xyz tv1
           3.1187783617957200e+02   1.8811371499493441e+02   3.4999999999999996e-02 #xyz tv2
           3.1187783617957200e+02   1.5105097199594749e+02   3.4999999999999996e-02 -1 187 #xyz tv3 fid bid
           3.1187783617957200e+02   1.5105097199594749e+02   3.1086244689503770e-16 #xyz tv0
           2.7410488642922502e+02   2.0161854703777357e+02   3.4999999999999996e-02 #xyz tv1
           3.1187783617957200e+02   1.8811371499493441e+02   3.4999999999999996e-02 #xyz tv2
           3.1187783617957200e+02   1.5105097199594749e+02   3.4999999999999996e-02 -1 187 #xyz tv3 fid bid
           3.1187783617957200e+02   1.5035097199594748e+02   3.4999999999999996e-02 #xyz tv0
           3.1187783617957200e+02   1.5105097199594749e+02   3.1086244689503770e-16 #xyz tv1
           3.3697673969169915e+02   1.6854875920905437e+02  -4.1002071007747998e-01 #xyz tv2
           3.1187783617957200e+02   1.5105097199594749e+02   3.4999999999999996e-02 -1 187 #xyz tv3 fid bid
           3.1187783617957200e+02   1.5105097199594749e+02   3.1086244689503770e-16 #xyz tv0
           2.7489608367737765e+02   1.6309290635721226e+02   3.4999999999999996e-02 #xyz tv1
           2.7410488642922502e+02   2.0161854703777357e+02   3.4999999999999996e-02 #xyz tv2
           3.1187783617957200e+02   1.5105097199594749e+02   3.4999999999999996e-02 -1 187 #xyz tv3 fid bid
           3.1187783617957200e+02   1.5035097199594748e+02   3.4999999999999996e-02 #xyz tv0
           2.7489608367737765e+02   1.6309290635721226e+02   3.4999999999999996e-02 #xyz tv1
           3.1187783617957200e+02   1.5105097199594749e+02   3.1086244689503770e-16 #xyz tv2
           3.1187783617957200e+02   1.5105097199594749e+02   3.4999999999999996e-02 -1 187 #xyz tv3 fid bid
           3.1187783617957200e+02   1.5105097199594749e+02   3.1086244689503770e-16 #xyz tv0
           3.1187783617957200e+02   1.8811371499493441e+02   3.4999999999999996e-02 #xyz tv1
           3.1187783617957200e+02   1.5105097199594749e+02   3.4999999999999996e-02 18 -1 #xyz tv2 fid bid
           3.1187783617957200e+02   1.5035097199594748e+02   3.4999999999999996e-02 #xyz tv0
           3.1187783617957200e+02   1.5105097199594749e+02   3.1086244689503770e-16 #xyz tv1
           3.1187783617957200e+02   1.5105097199594749e+02   3.4999999999999996e-02 18 -1 #xyz tv2 fid bid
           3.1187783617957200e+02   1.5035097199594748e+02   3.4999999999999996e-02 #xyz tv0
           3.1187783617957200e+02   1.5105097199594749e+02   3.1086244689503770e-16 #xyz tv1
           3.1187783617957200e+02   1.5105097199594749e+02   3.4999999999999996e-02 185 -1 #xyz tv2 fid bid
           3.1187783617957200e+02   1.5105097199594749e+02   3.4999999999999996e-02 #xyz ev0
           3.1187783617957200e+02   1.5105097199594749e+02   3.1086244689503770e-16 -1 187 #xyz ev1 fid bid
   0   0.000000000000e+00   0.000000000000e+00   0.000000000000e+00 #flag location
END_ERR 
G3dErrFileVersion 2018P3.1
FlagFileMetaData Begin
   Mesh Size - Setup2, Refinement, Pass #2, Freq. 9.150000e+08 :Title    
   Listing of mesh elements with small segments. :ToolTip  
   hf3d :Author   
   1712338411 :TimeStamp
FlagFileMetaData End
BEGIN_ERR 
26 Small mesh segment detected on body : Box2
 Small mesh segment detected on body : Box2 
 Segment Statistics - Number of Segments : 1 --- Segment length(s) : 0.035000mm. The cutoff frequency for S-Matrix Only Solve is 624.567620833333kHz 
3 -1  18  185  # nfids, fids[]
2 187  -1  # nbids, bids[]
      7 3 1 0 #ntets ntri ned npts
           3.1187783617957200e+02   1.5105097199594749e+02   3.1086244689503770e-16 #xyz tv0
           3.3017753173324002e+02   1.3552420697617214e+02   4.8141252910361283e+00 #xyz tv1
           3.1187783617957200e+02   1.5105097199594749e+02   3.4999999999999996e-02 #xyz tv2
           3.3697673969169915e+02   1.6854875920905437e+02  -4.1002071007747998e-01 -1 187 #xyz tv3 fid bid
           3.1187783617957200e+02   1.5105097199594749e+02   3.1086244689503770e-16 #xyz tv0
           3.1187783617957200e+02   1.5105097199594749e+02   3.4999999999999996e-02 #xyz tv1
           3.3017753173324002e+02   1.3552420697617214e+02   4.8141252910361283e+00 #xyz tv2
           3.1187783617957200e+02   1.5035097199594750e+02   3.4999999999999996e-02 -1 187 #xyz tv3 fid bid
           3.3697673969169915e+02   1.6854875920905437e+02  -4.1002071007747998e-01 #xyz tv0
           3.1187783617957200e+02   1.5105097199594749e+02   3.1086244689503770e-16 #xyz tv1
           3.1187783617957200e+02   1.8811371499493444e+02   3.4999999999999996e-02 #xyz tv2
           3.1187783617957200e+02   1.5105097199594749e+02   3.4999999999999996e-02 -1 187 #xyz tv3 fid bid
           3.1187783617957200e+02   1.5105097199594749e+02   3.1086244689503770e-16 #xyz tv0
           2.9364270623866310e+02   1.3362961827708472e+02   3.4999999999999996e-02 #xyz tv1
           3.1187783617957200e+02   1.5105097199594749e+02   3.4999999999999996e-02 #xyz tv2
           3.1187783617957200e+02   1.5035097199594750e+02   3.4999999999999996e-02 -1 187 #xyz tv3 fid bid
           2.9299136130439859e+02   1.7633475951686052e+02   3.4999999999999996e-02 #xyz tv0
           3.1187783617957200e+02   1.8811371499493444e+02   3.4999999999999996e-02 #xyz tv1
           3.1187783617957200e+02   1.5105097199594749e+02   3.1086244689503770e-16 #xyz tv2
           3.1187783617957200e+02   1.5105097199594749e+02   3.4999999999999996e-02 -1 187 #xyz tv3 fid bid
           3.1187783617957200e+02   1.5105097199594749e+02   3.1086244689503770e-16 #xyz tv0
           2.9364270623866310e+02   1.3362961827708472e+02   3.4999999999999996e-02 #xyz tv1
           2.7489608367737765e+02   1.6309290635721226e+02   3.4999999999999996e-02 #xyz tv2
           3.1187783617957200e+02   1.5105097199594749e+02   3.4999999999999996e-02 -1 187 #xyz tv3 fid bid
           2.9299136130439859e+02   1.7633475951686052e+02   3.4999999999999996e-02 #xyz tv0
           3.1187783617957200e+02   1.5105097199594749e+02   3.1086244689503770e-16 #xyz tv1
           2.7489608367737765e+02   1.6309290635721226e+02   3.4999999999999996e-02 #xyz tv2
           3.1187783617957200e+02   1.5105097199594749e+02   3.4999999999999996e-02 -1 187 #xyz tv3 fid bid
           3.1187783617957200e+02   1.5105097199594749e+02   3.1086244689503770e-16 #xyz tv0
           3.1187783617957200e+02   1.8811371499493444e+02   3.4999999999999996e-02 #xyz tv1
           3.1187783617957200e+02   1.5105097199594749e+02   3.4999999999999996e-02 18 -1 #xyz tv2 fid bid
           3.1187783617957200e+02   1.5035097199594750e+02   3.4999999999999996e-02 #xyz tv0
           3.1187783617957200e+02   1.5105097199594749e+02   3.1086244689503770e-16 #xyz tv1
           3.1187783617957200e+02   1.5105097199594749e+02   3.4999999999999996e-02 18 -1 #xyz tv2 fid bid
           3.1187783617957200e+02   1.5035097199594750e+02   3.4999999999999996e-02 #xyz tv0
           3.1187783617957200e+02   1.5105097199594749e+02   3.1086244689503770e-16 #xyz tv1
           3.1187783617957200e+02   1.5105097199594749e+02   3.4999999999999996e-02 185 -1 #xyz tv2 fid bid
           3.1187783617957200e+02   1.5105097199594749e+02   3.4999999999999996e-02 #xyz ev0
           3.1187783617957200e+02   1.5105097199594749e+02   3.1086244689503770e-16 -1 187 #xyz ev1 fid bid
   0   0.000000000000e+00   0.000000000000e+00   0.000000000000e+00 #flag location
END_ERR 
G3dErrFileVersion 2018P3.1
FlagFileMetaData Begin
   Mesh Size - Setup2, Refinement, Pass #3, Freq. 9.150000e+08 :Title    
   Listing of mesh elements with small segments. :ToolTip  
   hf3d :Author   
   1712338414 :TimeStamp
FlagFileMetaData End
BEGIN_ERR 
26 Small mesh segment detected on body : Box2
 Small mesh segment detected on body : Box2 
 Segment Statistics - Number of Segments : 1 --- Segment length(s) : 0.035000mm. The cutoff frequency for S-Matrix Only Solve is 624.567620833333kHz 
3 -1  18  185  # nfids, fids[]
2 187  -1  # nbids, bids[]
      7 3 1 0 #ntets ntri ned npts
           3.1187783617957200e+02   1.6958234349544097e+02   3.4999999999999996e-02 #xyz tv0
           3.3697673969169915e+02   1.6854875920905437e+02  -4.1002071007747998e-01 #xyz tv1
           3.1187783617957200e+02   1.5105097199594749e+02   3.1086244689503770e-16 #xyz tv2
           3.1187783617957200e+02   1.5105097199594749e+02   3.4999999999999996e-02 -1 187 #xyz tv3 fid bid
           3.1187783617957200e+02   1.5105097199594749e+02   3.1086244689503770e-16 #xyz tv0
           3.3017753173324007e+02   1.3552420697617214e+02   4.8141252910361283e+00 #xyz tv1
           3.1187783617957200e+02   1.5105097199594749e+02   3.4999999999999996e-02 #xyz tv2
           3.3697673969169915e+02   1.6854875920905437e+02  -4.1002071007747998e-01 -1 187 #xyz tv3 fid bid
           3.0248954299532920e+02   1.6359127563962804e+02   3.4999999999999996e-02 #xyz tv0
           3.1187783617957200e+02   1.6958234349544097e+02   3.4999999999999996e-02 #xyz tv1
           3.1187783617957200e+02   1.5105097199594749e+02   3.1086244689503770e-16 #xyz tv2
           3.1187783617957200e+02   1.5105097199594749e+02   3.4999999999999996e-02 -1 187 #xyz tv3 fid bid
           3.1187783617957200e+02   1.5105097199594749e+02   3.1086244689503770e-16 #xyz tv0
           3.1187783617957200e+02   1.5105097199594749e+02   3.4999999999999996e-02 #xyz tv1
           3.3017753173324007e+02   1.3552420697617214e+02   4.8141252910361283e+00 #xyz tv2
           3.1187783617957200e+02   1.5035097199594753e+02   3.4999999999999996e-02 -1 187 #xyz tv3 fid bid
           3.0248954299532920e+02   1.6359127563962804e+02   3.4999999999999996e-02 #xyz tv0
           3.1187783617957200e+02   1.5105097199594749e+02   3.1086244689503770e-16 #xyz tv1
           2.9338695992847488e+02   1.5707193917657986e+02   3.4999999999999996e-02 #xyz tv2
           3.1187783617957200e+02   1.5105097199594749e+02   3.4999999999999996e-02 -1 187 #xyz tv3 fid bid
           3.1187783617957200e+02   1.5105097199594749e+02   3.1086244689503770e-16 #xyz tv0
           3.0276027120911755e+02   1.4199029513651612e+02   3.4999999999999996e-02 #xyz tv1
           3.1187783617957200e+02   1.5105097199594749e+02   3.4999999999999996e-02 #xyz tv2
           3.1187783617957200e+02   1.5035097199594753e+02   3.4999999999999996e-02 -1 187 #xyz tv3 fid bid
           3.1187783617957200e+02   1.5105097199594749e+02   3.1086244689503770e-16 #xyz tv0
           3.1187783617957200e+02   1.5105097199594749e+02   3.4999999999999996e-02 #xyz tv1
           3.0276027120911755e+02   1.4199029513651612e+02   3.4999999999999996e-02 #xyz tv2
           2.9338695992847488e+02   1.5707193917657986e+02   3.4999999999999996e-02 -1 187 #xyz tv3 fid bid
           3.1187783617957200e+02   1.6958234349544097e+02   3.4999999999999996e-02 #xyz tv0
           3.1187783617957200e+02   1.5105097199594749e+02   3.4999999999999996e-02 #xyz tv1
           3.1187783617957200e+02   1.5105097199594749e+02   3.1086244689503770e-16 18 -1 #xyz tv2 fid bid
           3.1187783617957200e+02   1.5035097199594753e+02   3.4999999999999996e-02 #xyz tv0
           3.1187783617957200e+02   1.5105097199594749e+02   3.1086244689503770e-16 #xyz tv1
           3.1187783617957200e+02   1.5105097199594749e+02   3.4999999999999996e-02 18 -1 #xyz tv2 fid bid
           3.1187783617957200e+02   1.5035097199594753e+02   3.4999999999999996e-02 #xyz tv0
           3.1187783617957200e+02   1.5105097199594749e+02   3.1086244689503770e-16 #xyz tv1
           3.1187783617957200e+02   1.5105097199594749e+02   3.4999999999999996e-02 185 -1 #xyz tv2 fid bid
           3.1187783617957200e+02   1.5105097199594749e+02   3.4999999999999996e-02 #xyz ev0
           3.1187783617957200e+02   1.5105097199594749e+02   3.1086244689503770e-16 -1 187 #xyz ev1 fid bid
   0   0.000000000000e+00   0.000000000000e+00   0.000000000000e+00 #flag location
END_ERR 
G3dErrFileVersion 2018P3.1
FlagFileMetaData Begin
   Mesh Size - Setup2, Refinement, Pass #4, Freq. 9.150000e+08 :Title    
   Listing of mesh elements with small segments. :ToolTip  
   hf3d :Author   
   1712338416 :TimeStamp
FlagFileMetaData End
BEGIN_ERR 
26 Small mesh segment detected on body : Box2
 Small mesh segment detected on body : Box2 
 Segment Statistics - Number of Segments : 1 --- Segment length(s) : 0.035000mm. The cutoff frequency for S-Matrix Only Solve is 624.567620833333kHz 
3 -1  18  185  # nfids, fids[]
2 187  -1  # nbids, bids[]
      6 3 1 0 #ntets ntri ned npts
           3.1187783617957200e+02   1.5105097199594749e+02   3.1086244689503770e-16 #xyz tv0
           3.1187783617957200e+02   1.6031665774569424e+02   3.4999999999999996e-02 #xyz tv1
           3.2306863068985081e+02   1.5497348980402788e+02   4.0517893363203275e+00 #xyz tv2
           3.1187783617957200e+02   1.5105097199594749e+02   3.4999999999999996e-02 -1 187 #xyz tv3 fid bid
           3.2561016335293988e+02   1.3660319014472518e+02   3.8356190079635755e+00 #xyz tv0
           3.1187783617957200e+02   1.5105097199594749e+02   3.1086244689503770e-16 #xyz tv1
           3.2306863068985081e+02   1.5497348980402788e+02   4.0517893363203275e+00 #xyz tv2
           3.1187783617957200e+02   1.5105097199594749e+02   3.4999999999999996e-02 -1 187 #xyz tv3 fid bid
           3.1187783617957200e+02   1.6031665774569424e+02   3.4999999999999996e-02 #xyz tv0
           3.1187783617957200e+02   1.5105097199594749e+02   3.1086244689503770e-16 #xyz tv1
           3.0336736161009787e+02   1.6238593834286951e+02   3.4999999999999996e-02 #xyz tv2
           3.1187783617957200e+02   1.5105097199594749e+02   3.4999999999999996e-02 -1 187 #xyz tv3 fid bid
           3.1187783617957200e+02   1.5105097199594749e+02   3.1086244689503770e-16 #xyz tv0
           3.1187783617957200e+02   1.5105097199594749e+02   3.4999999999999996e-02 #xyz tv1
           3.2561016335293988e+02   1.3660319014472518e+02   3.8356190079635755e+00 #xyz tv2
